1 10.00
2 99000.00
3 -97020000000.00
4 -94128804970199991189504.00
5 -88602319251179462948072541038017793258277568512.00
6 -78503709766879274456174413446072301601078880459006976641674507981004267748747515671779280420864.00
7 -61628324471624161406750963421006361043028453847709830157070919447224441548284745847195640141875446391083086536368483869103826498680236292485960000840081783720540460903867938680569423500148736.00
8 -inf
9 -inf
10 -inf
11 -inf
12 -inf
13 -inf
14 -inf
15 -inf
16 -inf
17 -inf
18 -inf
19 -inf
20 -inf
21 -inf
22 -inf
23 -inf
24 -inf
25 -inf
26 -inf
27 -inf
28 -inf
29 -inf
30 -inf
31 -inf
32 -inf
33 -inf
34 -inf
35 -inf
36 -inf
37 -inf
38 -inf
39 -inf
40 -inf
41 -inf
42 -inf
43 -inf
44 -inf
45 -inf
46 -inf
47 -inf
48 -inf
49 -inf
50 -inf
51 -inf
52 -inf
53 -inf
54 -inf
55 -inf
56 -inf
57 -inf
58 -inf
59 -inf
60 -inf
61 -inf
62 -inf
63 -inf
64 -inf
65 -inf
66 -inf
67 -inf
68 -inf
69 -inf
70 -inf
71 -inf
72 -inf
73 -inf
74 -inf
75 -inf
76 -inf
77 -inf
78 -inf
79 -inf
80 -inf
81 -inf
82 -inf
83 -inf
84 -inf
85 -inf
86 -inf
87 -inf
88 -inf
89 -inf
90 -inf
91 -inf
92 -inf
93 -inf
94 -inf
95 -inf
96 -inf
97 -inf
98 -inf
99 -inf
100 -inf
