1.00 0.10
1.00 0.10
1.00 0.10
1.00 0.10
1.00 0.10
1.00 0.10
1.00 0.10
1.00 0.10
1.00 0.10
1.00 0.10
1.00 0.10
1.01 9.90
1.01 9.90
1.01 9.90
1.01 9.90
1.01 9.90
1.01 9.90
1.01 9.90
1.01 9.90
1.01 9.90
1.01 9.90
1.01 9.90
1.02 19.61
1.02 19.61
1.02 19.61
1.02 19.61
1.02 19.61
1.02 19.61
1.02 19.61
1.02 19.61
1.02 19.61
1.02 19.61
1.02 19.61
1.03 29.13
1.03 29.13
1.03 29.13
1.03 29.13
1.03 29.13
1.03 29.13
1.03 29.13
1.03 29.13
1.03 29.13
1.03 29.13
1.03 29.13
1.04 38.46
1.04 38.46
1.04 38.46
1.04 38.46
1.04 38.46
1.04 38.46
1.04 38.46
1.04 38.46
1.04 38.46
1.04 38.46
1.04 38.46
1.05 47.62
1.05 47.62
1.05 47.62
1.05 47.62
1.05 47.62
1.05 47.62
1.05 47.62
1.05 47.62
1.05 47.62
1.05 47.62
1.05 47.62
1.06 56.60
1.06 56.60
1.06 56.60
1.06 56.60
1.06 56.60
1.06 56.60
1.06 56.60
1.06 56.60
1.06 56.60
1.06 56.60
1.06 56.60
1.07 65.42
1.07 65.42
1.07 65.42
1.07 65.42
1.07 65.42
1.07 65.42
1.07 65.42
1.07 65.42
1.07 65.42
1.07 65.42
1.07 65.42
1.08 74.07
1.08 74.07
1.08 74.07
1.08 74.07
1.08 74.07
1.08 74.07
1.08 74.07
1.08 74.07
1.08 74.07
1.08 74.07
1.08 74.07
1.09 82.57
1.09 82.57
1.09 82.57
1.09 82.57
1.09 82.57
1.09 82.57
1.09 82.57
1.09 82.57
1.09 82.57
1.09 82.57
1.09 82.57
1.10 90.91
1.10 90.91
1.10 90.91
1.10 90.91
1.10 90.91
1.10 90.91
1.10 90.91
1.10 90.91
1.10 90.91
1.10 90.91
1.10 90.91
1.11 99.10
1.11 99.10
1.11 99.10
1.11 99.10
1.11 99.10
1.11 99.10
1.11 99.10
1.11 99.10
1.11 99.10
1.11 99.10
1.11 99.10
1.12 107.14
1.12 107.14
1.12 107.14
1.12 107.14
1.12 107.14
1.12 107.14
1.12 107.14
1.12 107.14
1.12 107.14
1.12 107.14
1.12 107.14
1.13 115.04
1.13 115.04
1.13 115.04
1.13 115.04
1.13 115.04
1.13 115.04
1.13 115.04
1.13 115.04
1.13 115.04
1.13 115.04
1.13 115.04
1.14 122.81
1.14 122.81
1.14 122.81
1.14 122.81
1.14 122.81
1.14 122.81
1.14 122.81
1.14 122.81
1.14 122.81
1.14 122.81
1.14 122.81
1.15 130.43
1.15 130.43
1.15 130.43
1.15 130.43
1.15 130.43
1.15 130.43
1.15 130.43
1.15 130.43
1.15 130.43
1.15 130.43
1.15 130.43
1.16 137.93
1.16 137.93
1.16 137.93
1.16 137.93
1.16 137.93
1.16 137.93
1.16 137.93
1.16 137.93
1.16 137.93
1.16 137.93
1.16 137.93
1.17 145.30
1.17 145.30
1.17 145.30
1.17 145.30
1.17 145.30
1.17 145.30
1.17 145.30
1.17 145.30
1.17 145.30
1.17 145.30
1.17 145.30
1.18 152.54
1.18 152.54
1.18 152.54
1.18 152.54
1.18 152.54
1.18 152.54
1.18 152.54
1.18 152.54
1.18 152.54
1.18 152.54
1.18 152.54
1.19 159.66
1.19 159.66
1.19 159.66
1.19 159.66
1.19 159.66
1.19 159.66
1.19 159.66
1.19 159.66
1.19 159.66
1.19 159.66
1.19 159.66
1.20 166.67
1.20 166.67
1.20 166.67
1.20 166.67
1.20 166.67
1.20 166.67
1.20 166.67
1.20 166.67
1.20 166.67
1.20 166.67
1.20 166.67
1.21 173.55
1.21 173.55
1.21 173.55
1.21 173.55
1.21 173.55
1.21 173.55
1.21 173.55
1.21 173.55
1.21 173.55
1.21 173.55
1.21 173.55
1.22 180.33
1.22 180.33
1.22 180.33
1.22 180.33
1.22 180.33
1.22 180.33
1.22 180.33
1.22 180.33
1.22 180.33
1.22 180.33
1.22 180.33
1.23 186.99
1.23 186.99
1.23 186.99
1.23 186.99
1.23 186.99
1.23 186.99
1.23 186.99
1.23 186.99
1.23 186.99
1.23 186.99
1.23 186.99
1.24 193.55
1.24 193.55
1.24 193.55
1.24 193.55
1.24 193.55
1.24 193.55
1.24 193.55
1.24 193.55
1.24 193.55
1.24 193.55
1.24 193.55
1.25 200.00
1.25 200.00
1.25 200.00
1.25 200.00
1.25 200.00
1.25 200.00
1.25 200.00
1.25 200.00
1.25 200.00
1.25 200.00
1.25 200.00
1.26 206.35
1.26 206.35
1.26 206.35
1.26 206.35
1.26 206.35
1.26 206.35
1.26 206.35
1.26 206.35
1.26 206.35
1.26 206.35
1.26 206.35
1.27 212.60
1.27 212.60
1.27 212.60
1.27 212.60
1.27 212.60
1.27 212.60
1.27 212.60
1.27 212.60
1.27 212.60
1.27 212.60
1.27 212.60
1.28 218.75
1.28 218.75
1.28 218.75
1.28 218.75
1.28 218.75
1.28 218.75
1.28 218.75
1.28 218.75
1.28 218.75
1.28 218.75
1.28 218.75
1.29 224.81
1.29 224.81
1.29 224.81
1.29 224.81
1.29 224.81
1.29 224.81
1.29 224.81
1.29 224.81
1.29 224.81
1.29 224.81
1.29 224.81
1.30 230.77
1.30 230.77
1.30 230.77
1.30 230.77
1.30 230.77
1.30 230.77
1.30 230.77
1.30 230.77
1.30 230.77
1.30 230.77
1.30 230.77
1.31 236.64
1.31 236.64
1.31 236.64
1.31 236.64
1.31 236.64
1.31 236.64
1.31 236.64
1.31 236.64
1.31 236.64
1.31 236.64
1.31 236.64
1.32 242.42
1.32 242.42
1.32 242.42
1.32 242.42
1.32 242.42
1.32 242.42
1.32 242.42
1.32 242.42
1.32 242.42
1.32 242.42
1.32 242.42
1.33 248.12
1.33 248.12
1.33 248.12
1.33 248.12
1.33 248.12
1.33 248.12
1.33 248.12
1.33 248.12
1.33 248.12
1.33 248.12
1.33 248.12
1.34 253.73
1.34 253.73
1.34 253.73
1.34 253.73
1.34 253.73
1.34 253.73
1.34 253.73
1.34 253.73
1.34 253.73
1.34 253.73
1.34 253.73
1.35 259.26
1.35 259.26
1.35 259.26
1.35 259.26
1.35 259.26
1.35 259.26
1.35 259.26
1.35 259.26
1.35 259.26
1.35 259.26
1.35 259.26
1.36 264.71
1.36 264.71
1.36 264.71
1.36 264.71
1.36 264.71
1.36 264.71
1.36 264.71
1.36 264.71
1.36 264.71
1.36 264.71
1.36 264.71
1.37 270.07
1.37 270.07
1.37 270.07
1.37 270.07
1.37 270.07
1.37 270.07
1.37 270.07
1.37 270.07
1.37 270.07
1.37 270.07
1.37 270.07
1.38 275.36
1.38 275.36
1.38 275.36
1.38 275.36
1.38 275.36
1.38 275.36
1.38 275.36
1.38 275.36
1.38 275.36
1.38 275.36
1.38 275.36
1.39 280.58
1.39 280.58
1.39 280.58
1.39 280.58
1.39 280.58
1.39 280.58
1.39 280.58
1.39 280.58
1.39 280.58
1.39 280.58
1.39 280.58
1.40 285.71
1.40 285.71
1.40 285.71
1.40 285.71
1.40 285.71
1.40 285.71
1.40 285.71
1.40 285.71
1.40 285.71
1.40 285.71
1.40 285.71
1.41 290.78
1.41 290.78
1.41 290.78
1.41 290.78
1.41 290.78
1.41 290.78
1.41 290.78
1.41 290.78
1.41 290.78
1.41 290.78
1.41 290.78
1.42 295.77
1.42 295.77
1.42 295.77
1.42 295.77
1.42 295.77
1.42 295.77
1.42 295.77
1.42 295.77
1.42 295.77
1.42 295.77
1.42 295.77
1.43 300.70
1.43 300.70
1.43 300.70
1.43 300.70
1.43 300.70
1.43 300.70
1.43 300.70
1.43 300.70
1.43 300.70
1.43 300.70
1.43 300.70
1.44 305.56
1.44 305.56
1.44 305.56
1.44 305.56
1.44 305.56
1.44 305.56
1.44 305.56
1.44 305.56
1.44 305.56
1.44 305.56
1.44 305.56
1.45 310.34
1.45 310.34
1.45 310.34
1.45 310.34
1.45 310.34
1.45 310.34
1.45 310.34
1.45 310.34
1.45 310.34
1.45 310.34
1.45 310.34
1.46 315.07
1.46 315.07
1.46 315.07
1.46 315.07
1.46 315.07
1.46 315.07
1.46 315.07
1.46 315.07
1.46 315.07
1.46 315.07
1.46 315.07
1.47 319.73
1.47 319.73
1.47 319.73
1.47 319.73
1.47 319.73
1.47 319.73
1.47 319.73
1.47 319.73
1.47 319.73
1.47 319.73
1.47 319.73
1.48 324.32
1.48 324.32
1.48 324.32
1.48 324.32
1.48 324.32
1.48 324.32
1.48 324.32
1.48 324.32
1.48 324.32
1.48 324.32
1.48 324.32
1.49 328.86
1.49 328.86
1.49 328.86
1.49 328.86
1.49 328.86
1.49 328.86
1.49 328.86
1.49 328.86
1.49 328.86
1.49 328.86
1.49 328.86
1.50 333.33
1.50 333.33
1.50 333.33
1.50 333.33
1.50 333.33
1.50 333.33
1.50 333.33
1.50 333.33
1.50 333.33
1.50 333.33
1.50 333.33
1.51 337.75
1.51 337.75
1.51 337.75
1.51 337.75
1.51 337.75
1.51 337.75
1.51 337.75
1.51 337.75
1.51 337.75
1.51 337.75
1.51 337.75
1.52 342.11
1.52 342.11
1.52 342.11
1.52 342.11
1.52 342.11
1.52 342.11
1.52 342.11
1.52 342.11
1.52 342.11
1.52 342.11
1.52 342.11
1.53 346.40
1.53 346.40
1.53 346.40
1.53 346.40
1.53 346.40
1.53 346.40
1.53 346.40
1.53 346.40
1.53 346.40
1.53 346.40
1.53 346.40
1.54 350.65
1.54 350.65
1.54 350.65
1.54 350.65
1.54 350.65
1.54 350.65
1.54 350.65
1.54 350.65
1.54 350.65
1.54 350.65
1.54 350.65
1.55 354.84
1.55 354.84
1.55 354.84
1.55 354.84
1.55 354.84
1.55 354.84
1.55 354.84
1.55 354.84
1.55 354.84
1.55 354.84
1.55 354.84
1.56 358.97
1.56 358.97
1.56 358.97
1.56 358.97
1.56 358.97
1.56 358.97
1.56 358.97
1.56 358.97
1.56 358.97
1.56 358.97
1.56 358.97
1.57 363.06
1.57 363.06
1.57 363.06
1.57 363.06
1.57 363.06
1.57 363.06
1.57 363.06
1.57 363.06
1.57 363.06
1.57 363.06
1.57 363.06
1.58 367.09
1.58 367.09
1.58 367.09
1.58 367.09
1.58 367.09
1.58 367.09
1.58 367.09
1.58 367.09
1.58 367.09
1.58 367.09
1.58 367.09
1.59 371.07
1.59 371.07
1.59 371.07
1.59 371.07
1.59 371.07
1.59 371.07
1.59 371.07
1.59 371.07
1.59 371.07
1.59 371.07
1.59 371.07
1.60 375.00
1.60 375.00
1.60 375.00
1.60 375.00
1.60 375.00
1.60 375.00
1.60 375.00
1.60 375.00
1.60 375.00
1.60 375.00
1.60 375.00
1.61 378.88
1.61 378.88
1.61 378.88
1.61 378.88
1.61 378.88
1.61 378.88
1.61 378.88
1.61 378.88
1.61 378.88
1.61 378.88
1.61 378.88
1.62 382.72
1.62 382.72
1.62 382.72
1.62 382.72
1.62 382.72
1.62 382.72
1.62 382.72
1.62 382.72
1.62 382.72
1.62 382.72
1.62 382.72
1.63 386.50
1.63 386.50
1.63 386.50
1.63 386.50
1.63 386.50
1.63 386.50
1.63 386.50
1.63 386.50
1.63 386.50
1.63 386.50
1.63 386.50
1.64 390.24
1.64 390.24
1.64 390.24
1.64 390.24
1.64 390.24
1.64 390.24
1.64 390.24
1.64 390.24
1.64 390.24
1.64 390.24
1.64 390.24
1.65 393.94
1.65 393.94
1.65 393.94
1.65 393.94
1.65 393.94
1.65 393.94
1.65 393.94
1.65 393.94
1.65 393.94
1.65 393.94
1.65 393.94
1.66 397.59
1.66 397.59
1.66 397.59
1.66 397.59
1.66 397.59
1.66 397.59
1.66 397.59
1.66 397.59
1.66 397.59
1.66 397.59
1.66 397.59
1.67 401.20
1.67 401.20
1.67 401.20
1.67 401.20
1.67 401.20
1.67 401.20
1.67 401.20
1.67 401.20
1.67 401.20
1.67 401.20
1.67 401.20
1.68 404.76
1.68 404.76
1.68 404.76
1.68 404.76
1.68 404.76
1.68 404.76
1.68 404.76
1.68 404.76
1.68 404.76
1.68 404.76
1.68 404.76
1.69 408.28
1.69 408.28
1.69 408.28
1.69 408.28
1.69 408.28
1.69 408.28
1.69 408.28
1.69 408.28
1.69 408.28
1.69 408.28
1.69 408.28
1.70 411.76
1.70 411.76
1.70 411.76
1.70 411.76
1.70 411.76
1.70 411.76
1.70 411.76
1.70 411.76
1.70 411.76
1.70 411.76
1.70 411.76
1.71 415.20
1.71 415.20
1.71 415.20
1.71 415.20
1.71 415.20
1.71 415.20
1.71 415.20
1.71 415.20
1.71 415.20
1.71 415.20
1.71 415.20
1.72 418.60
1.72 418.60
1.72 418.60
1.72 418.60
1.72 418.60
1.72 418.60
1.72 418.60
1.72 418.60
1.72 418.60
1.72 418.60
1.72 418.60
1.73 421.97
1.73 421.97
1.73 421.97
1.73 421.97
1.73 421.97
1.73 421.97
1.73 421.97
1.73 421.97
1.73 421.97
1.73 421.97
1.73 421.97
1.74 425.29
1.74 425.29
1.74 425.29
1.74 425.29
1.74 425.29
1.74 425.29
1.74 425.29
1.74 425.29
1.74 425.29
1.74 425.29
1.74 425.29
1.75 428.57
1.75 428.57
1.75 428.57
1.75 428.57
1.75 428.57
1.75 428.57
1.75 428.57
1.75 428.57
1.75 428.57
1.75 428.57
1.75 428.57
1.76 431.82
1.76 431.82
1.76 431.82
1.76 431.82
1.76 431.82
1.76 431.82
1.76 431.82
1.76 431.82
1.76 431.82
1.76 431.82
1.76 431.82
1.77 435.03
1.77 435.03
1.77 435.03
1.77 435.03
1.77 435.03
1.77 435.03
1.77 435.03
1.77 435.03
1.77 435.03
1.77 435.03
1.77 435.03
1.78 438.20
1.78 438.20
1.78 438.20
1.78 438.20
1.78 438.20
1.78 438.20
1.78 438.20
1.78 438.20
1.78 438.20
1.78 438.20
1.78 438.20
1.79 441.34
1.79 441.34
1.79 441.34
1.79 441.34
1.79 441.34
1.79 441.34
1.79 441.34
1.79 441.34
1.79 441.34
1.79 441.34
1.79 441.34
1.80 444.44
1.80 444.44
1.80 444.44
1.80 444.44
1.80 444.44
1.80 444.44
1.80 444.44
1.80 444.44
1.80 444.44
1.80 444.44
1.80 444.44
1.81 447.51
1.81 447.51
1.81 447.51
1.81 447.51
1.81 447.51
1.81 447.51
1.81 447.51
1.81 447.51
1.81 447.51
1.81 447.51
1.81 447.51
1.82 450.55
1.82 450.55
1.82 450.55
1.82 450.55
1.82 450.55
1.82 450.55
1.82 450.55
1.82 450.55
1.82 450.55
1.82 450.55
1.82 450.55
1.83 453.55
1.83 453.55
1.83 453.55
1.83 453.55
1.83 453.55
1.83 453.55
1.83 453.55
1.83 453.55
1.83 453.55
1.83 453.55
1.83 453.55
1.84 456.52
1.84 456.52
1.84 456.52
1.84 456.52
1.84 456.52
1.84 456.52
1.84 456.52
1.84 456.52
1.84 456.52
1.84 456.52
1.84 456.52
1.85 459.46
1.85 459.46
1.85 459.46
1.85 459.46
1.85 459.46
1.85 459.46
1.85 459.46
1.85 459.46
1.85 459.46
1.85 459.46
1.85 459.46
1.86 462.37
1.86 462.37
1.86 462.37
1.86 462.37
1.86 462.37
1.86 462.37
1.86 462.37
1.86 462.37
1.86 462.37
1.86 462.37
1.86 462.37
1.87 465.24
1.87 465.24
1.87 465.24
1.87 465.24
1.87 465.24
1.87 465.24
1.87 465.24
1.87 465.24
1.87 465.24
1.87 465.24
1.87 465.24
1.88 468.08
1.88 468.08
1.88 468.08
1.88 468.08
1.88 468.08
1.88 468.08
1.88 468.08
1.88 468.08
1.88 468.08
1.88 468.08
1.88 468.08
1.89 470.90
1.89 470.90
1.89 470.90
1.89 470.90
1.89 470.90
1.89 470.90
1.89 470.90
1.89 470.90
1.89 470.90
1.89 470.90
1.89 470.90
1.90 473.68
1.90 473.68
1.90 473.68
1.90 473.68
1.90 473.68
1.90 473.68
1.90 473.68
1.90 473.68
1.90 473.68
1.90 473.68
1.90 473.68
1.91 476.44
1.91 476.44
1.91 476.44
1.91 476.44
1.91 476.44
1.91 476.44
1.91 476.44
1.91 476.44
1.91 476.44
1.91 476.44
1.91 476.44
1.92 479.17
1.92 479.17
1.92 479.17
1.92 479.17
1.92 479.17
1.92 479.17
1.92 479.17
1.92 479.17
1.92 479.17
1.92 479.17
1.92 479.17
1.93 481.87
1.93 481.87
1.93 481.87
1.93 481.87
1.93 481.87
1.93 481.87
1.93 481.87
1.93 481.87
1.93 481.87
1.93 481.87
1.93 481.87
1.94 484.54
1.94 484.54
1.94 484.54
1.94 484.54
1.94 484.54
1.94 484.54
1.94 484.54
1.94 484.54
1.94 484.54
1.94 484.54
1.94 484.54
1.95 487.18
1.95 487.18
1.95 487.18
1.95 487.18
1.95 487.18
1.95 487.18
1.95 487.18
1.95 487.18
1.95 487.18
1.95 487.18
1.95 487.18
1.96 489.80
1.96 489.80
1.96 489.80
1.96 489.80
1.96 489.80
1.96 489.80
1.96 489.80
1.96 489.80
1.96 489.80
1.96 489.80
1.96 489.80
1.97 492.39
1.97 492.39
1.97 492.39
1.97 492.39
1.97 492.39
1.97 492.39
1.97 492.39
1.97 492.39
1.97 492.39
1.97 492.39
1.97 492.39
1.98 494.95
1.98 494.95
1.98 494.95
1.98 494.95
1.98 494.95
1.98 494.95
1.98 494.95
1.98 494.95
1.98 494.95
1.98 494.95
1.98 494.95
1.99 497.49
1.99 497.49
1.99 497.49
1.99 497.49
1.99 497.49
1.99 497.49
1.99 497.49
1.99 497.49
1.99 497.49
1.99 497.49
1.99 497.49
2.00 500.00
2.00 500.00
2.00 500.00
2.00 500.00
2.00 500.00
2.00 500.00
2.00 500.00
2.00 500.00
2.00 500.00
2.00 500.00
2.00 500.00
2.01 502.49
2.01 502.49
2.01 502.49
2.01 502.49
2.01 502.49
2.01 502.49
2.01 502.49
2.01 502.49
2.01 502.49
2.01 502.49
2.01 502.49
2.02 504.95
2.02 504.95
2.02 504.95
2.02 504.95
2.02 504.95
2.02 504.95
2.02 504.95
2.02 504.95
2.02 504.95
2.02 504.95
2.02 504.95
2.03 507.39
2.03 507.39
2.03 507.39
2.03 507.39
2.03 507.39
2.03 507.39
2.03 507.39
2.03 507.39
2.03 507.39
2.03 507.39
2.03 507.39
2.04 509.80
2.04 509.80
2.04 509.80
2.04 509.80
2.04 509.80
2.04 509.80
2.04 509.80
2.04 509.80
2.04 509.80
2.04 509.80
2.04 509.80
2.05 512.19
2.05 512.19
2.05 512.19
2.05 512.19
2.05 512.19
2.05 512.19
2.05 512.19
2.05 512.19
2.05 512.19
2.05 512.19
2.05 512.19
2.06 514.56
2.06 514.56
2.06 514.56
2.06 514.56
2.06 514.56
2.06 514.56
2.06 514.56
2.06 514.56
2.06 514.56
2.06 514.56
2.06 514.56
2.07 516.91
2.07 516.91
2.07 516.91
2.07 516.91
2.07 516.91
2.07 516.91
2.07 516.91
2.07 516.91
2.07 516.91
2.07 516.91
2.07 516.91
2.08 519.23
2.08 519.23
2.08 519.23
2.08 519.23
2.08 519.23
2.08 519.23
2.08 519.23
2.08 519.23
2.08 519.23
2.08 519.23
2.08 519.23
2.09 521.53
2.09 521.53
2.09 521.53
2.09 521.53
2.09 521.53
2.09 521.53
2.09 521.53
2.09 521.53
2.09 521.53
2.09 521.53
2.09 521.53
2.10 523.81
2.10 523.81
2.10 523.81
2.10 523.81
2.10 523.81
2.10 523.81
2.10 523.81
2.10 523.81
2.10 523.81
2.10 523.81
2.10 523.81
2.11 526.07
2.11 526.07
2.11 526.07
2.11 526.07
2.11 526.07
2.11 526.07
2.11 526.07
2.11 526.07
2.11 526.07
2.11 526.07
2.11 526.07
2.12 528.30
2.12 528.30
2.12 528.30
2.12 528.30
2.12 528.30
2.12 528.30
2.12 528.30
2.12 528.30
2.12 528.30
2.12 528.30
2.12 528.30
2.13 530.52
2.13 530.52
2.13 530.52
2.13 530.52
2.13 530.52
2.13 530.52
2.13 530.52
2.13 530.52
2.13 530.52
2.13 530.52
2.13 530.52
2.14 532.71
2.14 532.71
2.14 532.71
2.14 532.71
2.14 532.71
2.14 532.71
2.14 532.71
2.14 532.71
2.14 532.71
2.14 532.71
2.14 532.71
2.15 534.88
2.15 534.88
2.15 534.88
2.15 534.88
2.15 534.88
2.15 534.88
2.15 534.88
2.15 534.88
2.15 534.88
2.15 534.88
2.15 534.88
2.16 537.04
2.16 537.04
2.16 537.04
2.16 537.04
2.16 537.04
2.16 537.04
2.16 537.04
2.16 537.04
2.16 537.04
2.16 537.04
2.16 537.04
2.17 539.17
2.17 539.17
2.17 539.17
2.17 539.17
2.17 539.17
2.17 539.17
2.17 539.17
2.17 539.17
2.17 539.17
2.17 539.17
2.17 539.17
2.18 541.28
2.18 541.28
2.18 541.28
2.18 541.28
2.18 541.28
2.18 541.28
2.18 541.28
2.18 541.28
2.18 541.28
2.18 541.28
2.18 541.28
2.19 543.38
2.19 543.38
2.19 543.38
2.19 543.38
2.19 543.38
2.19 543.38
2.19 543.38
2.19 543.38
2.19 543.38
2.19 543.38
2.19 543.38
2.20 545.45
2.20 545.45
2.20 545.45
2.20 545.45
2.20 545.45
2.20 545.45
2.20 545.45
2.20 545.45
2.20 545.45
2.20 545.45
2.20 545.45
2.21 547.51
2.21 547.51
2.21 547.51
2.21 547.51
2.21 547.51
2.21 547.51
2.21 547.51
2.21 547.51
2.21 547.51
2.21 547.51
2.21 547.51
2.22 549.55
2.22 549.55
2.22 549.55
2.22 549.55
2.22 549.55
2.22 549.55
2.22 549.55
2.22 549.55
2.22 549.55
2.22 549.55
2.22 549.55
2.23 551.57
2.23 551.57
2.23 551.57
2.23 551.57
2.23 551.57
2.23 551.57
2.23 551.57
2.23 551.57
2.23 551.57
2.23 551.57
2.23 551.57
2.24 553.57
2.24 553.57
2.24 553.57
2.24 553.57
2.24 553.57
2.24 553.57
2.24 553.57
2.24 553.57
2.24 553.57
2.24 553.57
2.24 553.57
2.25 555.56
2.25 555.56
2.25 555.56
2.25 555.56
2.25 555.56
2.25 555.56
2.25 555.56
2.25 555.56
2.25 555.56
2.25 555.56
2.25 555.56
2.26 557.52
2.26 557.52
2.26 557.52
2.26 557.52
2.26 557.52
2.26 557.52
2.26 557.52
2.26 557.52
2.26 557.52
2.26 557.52
2.26 557.52
2.27 559.47
2.27 559.47
2.27 559.47
2.27 559.47
2.27 559.47
2.27 559.47
2.27 559.47
2.27 559.47
2.27 559.47
2.27 559.47
2.27 559.47
2.28 561.40
2.28 561.40
2.28 561.40
2.28 561.40
2.28 561.40
2.28 561.40
2.28 561.40
2.28 561.40
2.28 561.40
2.28 561.40
2.28 561.40
2.29 563.32
2.29 563.32
2.29 563.32
2.29 563.32
2.29 563.32
2.29 563.32
2.29 563.32
2.29 563.32
2.29 563.32
2.29 563.32
2.29 563.32
2.30 565.22
2.30 565.22
2.30 565.22
2.30 565.22
2.30 565.22
2.30 565.22
2.30 565.22
2.30 565.22
2.30 565.22
2.30 565.22
2.30 565.22
2.31 567.10
2.31 567.10
2.31 567.10
2.31 567.10
2.31 567.10
2.31 567.10
2.31 567.10
2.31 567.10
2.31 567.10
2.31 567.10
2.31 567.10
2.32 568.97
2.32 568.97
2.32 568.97
2.32 568.97
2.32 568.97
2.32 568.97
2.32 568.97
2.32 568.97
2.32 568.97
2.32 568.97
2.32 568.97
2.33 570.82
2.33 570.82
2.33 570.82
2.33 570.82
2.33 570.82
2.33 570.82
2.33 570.82
2.33 570.82
2.33 570.82
2.33 570.82
2.33 570.82
2.34 572.65
2.34 572.65
2.34 572.65
2.34 572.65
2.34 572.65
2.34 572.65
2.34 572.65
2.34 572.65
2.34 572.65
2.34 572.65
2.34 572.65
2.35 574.47
2.35 574.47
2.35 574.47
2.35 574.47
2.35 574.47
2.35 574.47
2.35 574.47
2.35 574.47
2.35 574.47
2.35 574.47
2.35 574.47
2.36 576.27
2.36 576.27
2.36 576.27
2.36 576.27
2.36 576.27
2.36 576.27
2.36 576.27
2.36 576.27
2.36 576.27
2.36 576.27
2.36 576.27
2.37 578.06
2.37 578.06
2.37 578.06
2.37 578.06
2.37 578.06
2.37 578.06
2.37 578.06
2.37 578.06
2.37 578.06
2.37 578.06
2.37 578.06
2.38 579.83
2.38 579.83
2.38 579.83
2.38 579.83
2.38 579.83
2.38 579.83
2.38 579.83
2.38 579.83
2.38 579.83
2.38 579.83
2.38 579.83
2.39 581.59
2.39 581.59
2.39 581.59
2.39 581.59
2.39 581.59
2.39 581.59
2.39 581.59
2.39 581.59
2.39 581.59
2.39 581.59
2.39 581.59
2.40 583.33
2.40 583.33
2.40 583.33
2.40 583.33
2.40 583.33
2.40 583.33
2.40 583.33
2.40 583.33
2.40 583.33
2.40 583.33
2.40 583.33
2.41 585.06
2.41 585.06
2.41 585.06
2.41 585.06
2.41 585.06
2.41 585.06
2.41 585.06
2.41 585.06
2.41 585.06
2.41 585.06
2.41 585.06
2.42 586.78
2.42 586.78
2.42 586.78
2.42 586.78
2.42 586.78
2.42 586.78
2.42 586.78
2.42 586.78
2.42 586.78
2.42 586.78
2.42 586.78
2.43 588.48
2.43 588.48
2.43 588.48
2.43 588.48
2.43 588.48
2.43 588.48
2.43 588.48
2.43 588.48
2.43 588.48
2.43 588.48
2.43 588.48
2.44 590.16
2.44 590.16
2.44 590.16
2.44 590.16
2.44 590.16
2.44 590.16
2.44 590.16
2.44 590.16
2.44 590.16
2.44 590.16
2.44 590.16
2.45 591.84
2.45 591.84
2.45 591.84
2.45 591.84
2.45 591.84
2.45 591.84
2.45 591.84
2.45 591.84
2.45 591.84
2.45 591.84
2.45 591.84
2.46 593.50
2.46 593.50
2.46 593.50
2.46 593.50
2.46 593.50
2.46 593.50
2.46 593.50
2.46 593.50
2.46 593.50
2.46 593.50
2.46 593.50
2.47 595.14
2.47 595.14
2.47 595.14
2.47 595.14
2.47 595.14
2.47 595.14
2.47 595.14
2.47 595.14
2.47 595.14
2.47 595.14
2.47 595.14
2.48 596.77
2.48 596.77
2.48 596.77
2.48 596.77
2.48 596.77
2.48 596.77
2.48 596.77
2.48 596.77
2.48 596.77
2.48 596.77
2.48 596.77
2.49 598.39
2.49 598.39
2.49 598.39
2.49 598.39
2.49 598.39
2.49 598.39
2.49 598.39
2.49 598.39
2.49 598.39
2.49 598.39
2.49 598.39
2.50 600.00
2.50 600.00
2.50 600.00
2.50 600.00
2.50 600.00
2.50 600.00
2.50 600.00
2.50 600.00
2.50 600.00
2.50 600.00
2.50 600.00
2.51 601.59
2.51 601.59
2.51 601.59
2.51 601.59
2.51 601.59
2.51 601.59
2.51 601.59
2.51 601.59
2.51 601.59
2.51 601.59
2.51 601.59
2.52 603.17
2.52 603.17
2.52 603.17
2.52 603.17
2.52 603.17
2.52 603.17
2.52 603.17
2.52 603.17
2.52 603.17
2.52 603.17
2.52 603.17
2.53 604.74
2.53 604.74
2.53 604.74
2.53 604.74
2.53 604.74
2.53 604.74
2.53 604.74
2.53 604.74
2.53 604.74
2.53 604.74
2.53 604.74
2.54 606.30
2.54 606.30
2.54 606.30
2.54 606.30
2.54 606.30
2.54 606.30
2.54 606.30
2.54 606.30
2.54 606.30
2.54 606.30
2.54 606.30
2.55 607.84
2.55 607.84
2.55 607.84
2.55 607.84
2.55 607.84
2.55 607.84
2.55 607.84
2.55 607.84
2.55 607.84
2.55 607.84
2.55 607.84
2.56 609.37
2.56 609.37
2.56 609.37
2.56 609.37
2.56 609.37
2.56 609.37
2.56 609.37
2.56 609.37
2.56 609.37
2.56 609.37
2.56 609.37
2.57 610.89
2.57 610.89
2.57 610.89
2.57 610.89
2.57 610.89
2.57 610.89
2.57 610.89
2.57 610.89
2.57 610.89
2.57 610.89
2.57 610.89
2.58 612.40
2.58 612.40
2.58 612.40
2.58 612.40
2.58 612.40
2.58 612.40
2.58 612.40
2.58 612.40
2.58 612.40
2.58 612.40
2.58 612.40
2.59 613.90
2.59 613.90
2.59 613.90
2.59 613.90
2.59 613.90
2.59 613.90
2.59 613.90
2.59 613.90
2.59 613.90
2.59 613.90
2.59 613.90
2.60 615.38
2.60 615.38
2.60 615.38
2.60 615.38
2.60 615.38
2.60 615.38
2.60 615.38
2.60 615.38
2.60 615.38
2.60 615.38
2.60 615.38
2.61 616.86
2.61 616.86
2.61 616.86
2.61 616.86
2.61 616.86
2.61 616.86
2.61 616.86
2.61 616.86
2.61 616.86
2.61 616.86
2.61 616.86
2.62 618.32
2.62 618.32
2.62 618.32
2.62 618.32
2.62 618.32
2.62 618.32
2.62 618.32
2.62 618.32
2.62 618.32
2.62 618.32
2.62 618.32
2.63 619.77
2.63 619.77
2.63 619.77
2.63 619.77
2.63 619.77
2.63 619.77
2.63 619.77
2.63 619.77
2.63 619.77
2.63 619.77
2.63 619.77
2.64 621.21
2.64 621.21
2.64 621.21
2.64 621.21
2.64 621.21
2.64 621.21
2.64 621.21
2.64 621.21
2.64 621.21
2.64 621.21
2.64 621.21
2.65 622.64
2.65 622.64
2.65 622.64
2.65 622.64
2.65 622.64
2.65 622.64
2.65 622.64
2.65 622.64
2.65 622.64
2.65 622.64
2.65 622.64
2.66 624.06
2.66 624.06
2.66 624.06
2.66 624.06
2.66 624.06
2.66 624.06
2.66 624.06
2.66 624.06
2.66 624.06
2.66 624.06
2.66 624.06
2.67 625.47
2.67 625.47
2.67 625.47
2.67 625.47
2.67 625.47
2.67 625.47
2.67 625.47
2.67 625.47
2.67 625.47
2.67 625.47
2.67 625.47
2.68 626.87
2.68 626.87
2.68 626.87
2.68 626.87
2.68 626.87
2.68 626.87
2.68 626.87
2.68 626.87
2.68 626.87
2.68 626.87
2.68 626.87
2.69 628.25
2.69 628.25
2.69 628.25
2.69 628.25
2.69 628.25
2.69 628.25
2.69 628.25
2.69 628.25
2.69 628.25
2.69 628.25
2.69 628.25
2.70 629.63
2.70 629.63
2.70 629.63
2.70 629.63
2.70 629.63
2.70 629.63
2.70 629.63
2.70 629.63
2.70 629.63
2.70 629.63
2.70 629.63
2.71 631.00
2.71 631.00
2.71 631.00
2.71 631.00
2.71 631.00
2.71 631.00
2.71 631.00
2.71 631.00
2.71 631.00
2.71 631.00
2.71 631.00
2.72 632.35
2.72 632.35
2.72 632.35
2.72 632.35
2.72 632.35
2.72 632.35
2.72 632.35
2.72 632.35
2.72 632.35
2.72 632.35
2.72 632.35
2.73 633.70
2.73 633.70
2.73 633.70
2.73 633.70
2.73 633.70
2.73 633.70
2.73 633.70
2.73 633.70
2.73 633.70
2.73 633.70
2.73 633.70
2.74 635.04
2.74 635.04
2.74 635.04
2.74 635.04
2.74 635.04
2.74 635.04
2.74 635.04
2.74 635.04
2.74 635.04
2.74 635.04
2.74 635.04
2.75 636.36
2.75 636.36
2.75 636.36
2.75 636.36
2.75 636.36
2.75 636.36
2.75 636.36
2.75 636.36
2.75 636.36
2.75 636.36
2.75 636.36
2.76 637.68
2.76 637.68
2.76 637.68
2.76 637.68
2.76 637.68
2.76 637.68
2.76 637.68
2.76 637.68
2.76 637.68
2.76 637.68
2.76 637.68
2.77 638.99
2.77 638.99
2.77 638.99
2.77 638.99
2.77 638.99
2.77 638.99
2.77 638.99
2.77 638.99
2.77 638.99
2.77 638.99
2.77 638.99
2.78 640.29
2.78 640.29
2.78 640.29
2.78 640.29
2.78 640.29
2.78 640.29
2.78 640.29
2.78 640.29
2.78 640.29
2.78 640.29
2.78 640.29
2.79 641.58
2.79 641.58
2.79 641.58
2.79 641.58
2.79 641.58
2.79 641.58
2.79 641.58
2.79 641.58
2.79 641.58
2.79 641.58
2.79 641.58
2.80 642.86
2.80 642.86
2.80 642.86
2.80 642.86
2.80 642.86
2.80 642.86
2.80 642.86
2.80 642.86
2.80 642.86
2.80 642.86
2.80 642.86
2.81 644.13
2.81 644.13
2.81 644.13
2.81 644.13
2.81 644.13
2.81 644.13
2.81 644.13
2.81 644.13
2.81 644.13
2.81 644.13
2.81 644.13
2.82 645.39
2.82 645.39
2.82 645.39
2.82 645.39
2.82 645.39
2.82 645.39
2.82 645.39
2.82 645.39
2.82 645.39
2.82 645.39
2.82 645.39
2.83 646.64
2.83 646.64
2.83 646.64
2.83 646.64
2.83 646.64
2.83 646.64
2.83 646.64
2.83 646.64
2.83 646.64
2.83 646.64
2.83 646.64
2.84 647.89
2.84 647.89
2.84 647.89
2.84 647.89
2.84 647.89
2.84 647.89
2.84 647.89
2.84 647.89
2.84 647.89
2.84 647.89
2.84 647.89
2.85 649.12
2.85 649.12
2.85 649.12
2.85 649.12
2.85 649.12
2.85 649.12
2.85 649.12
2.85 649.12
2.85 649.12
2.85 649.12
2.85 649.12
2.86 650.35
2.86 650.35
2.86 650.35
2.86 650.35
2.86 650.35
2.86 650.35
2.86 650.35
2.86 650.35
2.86 650.35
2.86 650.35
2.86 650.35
2.87 651.57
2.87 651.57
2.87 651.57
2.87 651.57
2.87 651.57
2.87 651.57
2.87 651.57
2.87 651.57
2.87 651.57
2.87 651.57
2.87 651.57
2.88 652.78
2.88 652.78
2.88 652.78
2.88 652.78
2.88 652.78
2.88 652.78
2.88 652.78
2.88 652.78
2.88 652.78
2.88 652.78
2.88 652.78
2.89 653.98
2.89 653.98
2.89 653.98
2.89 653.98
2.89 653.98
2.89 653.98
2.89 653.98
2.89 653.98
2.89 653.98
2.89 653.98
2.89 653.98
2.90 655.17
2.90 655.17
2.90 655.17
2.90 655.17
2.90 655.17
2.90 655.17
2.90 655.17
2.90 655.17
2.90 655.17
2.90 655.17
2.90 655.17
2.91 656.36
2.91 656.36
2.91 656.36
2.91 656.36
2.91 656.36
2.91 656.36
2.91 656.36
2.91 656.36
2.91 656.36
2.91 656.36
2.91 656.36
2.92 657.53
2.92 657.53
2.92 657.53
2.92 657.53
2.92 657.53
2.92 657.53
2.92 657.53
2.92 657.53
2.92 657.53
2.92 657.53
2.92 657.53
2.93 658.70
2.93 658.70
2.93 658.70
2.93 658.70
2.93 658.70
2.93 658.70
2.93 658.70
2.93 658.70
2.93 658.70
2.93 658.70
2.93 658.70
2.94 659.86
2.94 659.86
2.94 659.86
2.94 659.86
2.94 659.86
2.94 659.86
2.94 659.86
2.94 659.86
2.94 659.86
2.94 659.86
2.94 659.86
2.95 661.02
2.95 661.02
2.95 661.02
2.95 661.02
2.95 661.02
2.95 661.02
2.95 661.02
2.95 661.02
2.95 661.02
2.95 661.02
2.95 661.02
2.96 662.16
2.96 662.16
2.96 662.16
2.96 662.16
2.96 662.16
2.96 662.16
2.96 662.16
2.96 662.16
2.96 662.16
2.96 662.16
2.96 662.16
2.97 663.30
2.97 663.30
2.97 663.30
2.97 663.30
2.97 663.30
2.97 663.30
2.97 663.30
2.97 663.30
2.97 663.30
2.97 663.30
2.97 663.30
2.98 664.43
2.98 664.43
2.98 664.43
2.98 664.43
2.98 664.43
2.98 664.43
2.98 664.43
2.98 664.43
2.98 664.43
2.98 664.43
2.98 664.43
2.99 665.55
2.99 665.56
2.99 665.55
2.99 665.56
2.99 665.55
2.99 665.56
2.99 665.55
2.99 665.56
2.99 665.55
2.99 665.56
2.99 665.55
3.00 664.33
3.00 668.99
3.00 664.33
3.00 668.99
3.00 664.33
3.00 668.99
3.00 664.33
3.00 668.99
3.00 664.33
3.00 668.99
3.00 664.33
3.01 632.85
3.01 699.38
3.01 632.85
3.01 699.38
3.01 632.85
3.01 699.38
3.01 632.85
3.01 699.38
3.01 632.85
3.01 699.38
3.01 632.85
3.02 618.62
3.02 712.51
3.02 618.62
3.02 712.51
3.02 618.62
3.02 712.51
3.02 618.62
3.02 712.51
3.02 618.62
3.02 712.51
3.02 618.62
3.03 607.64
3.03 722.39
3.03 607.64
3.03 722.39
3.03 607.64
3.03 722.39
3.03 607.64
3.03 722.39
3.03 607.64
3.03 722.39
3.03 607.64
3.04 598.36
3.04 730.59
3.04 598.36
3.04 730.59
3.04 598.36
3.04 730.59
3.04 598.36
3.04 730.59
3.04 598.36
3.04 730.59
3.04 598.36
3.05 590.17
3.05 737.70
3.05 590.17
3.05 737.70
3.05 590.17
3.05 737.70
3.05 590.17
3.05 737.70
3.05 590.17
3.05 737.70
3.05 590.17
3.06 582.75
3.06 744.04
3.06 582.75
3.06 744.04
3.06 582.75
3.06 744.04
3.06 582.75
3.06 744.04
3.06 582.75
3.06 744.04
3.06 582.75
3.07 575.94
3.07 749.80
3.07 575.94
3.07 749.80
3.07 575.94
3.07 749.80
3.07 575.94
3.07 749.80
3.07 575.94
3.07 749.80
3.07 575.94
3.08 569.59
3.08 755.08
3.08 569.59
3.08 755.08
3.08 569.59
3.08 755.08
3.08 569.59
3.08 755.08
3.08 569.59
3.08 755.08
3.08 569.59
3.09 563.64
3.09 759.98
3.09 563.64
3.09 759.98
3.09 563.64
3.09 759.98
3.09 563.64
3.09 759.98
3.09 563.64
3.09 759.98
3.09 563.64
3.10 558.02
3.10 764.57
3.10 558.02
3.10 764.57
3.10 558.02
3.10 764.57
3.10 558.02
3.10 764.57
3.10 558.02
3.10 764.57
3.10 558.02
3.11 552.67
3.11 768.87
3.11 552.67
3.11 768.87
3.11 552.67
3.11 768.87
3.11 552.67
3.11 768.87
3.11 552.67
3.11 768.87
3.11 552.67
3.12 547.58
3.12 772.94
3.12 547.58
3.12 772.94
3.12 547.58
3.12 772.94
3.12 547.58
3.12 772.94
3.12 547.58
3.12 772.94
3.12 547.58
3.13 542.70
3.13 776.79
3.13 542.70
3.13 776.79
3.13 542.70
3.13 776.79
3.13 542.70
3.13 776.79
3.13 542.70
3.13 776.79
3.13 542.70
3.14 538.01
3.14 780.46
3.14 538.01
3.14 780.46
3.14 538.01
3.14 780.46
3.14 538.01
3.14 780.46
3.14 538.01
3.14 780.46
3.14 538.01
3.15 533.50
3.15 783.97
3.15 533.50
3.15 783.97
3.15 533.50
3.15 783.97
3.15 533.50
3.15 783.97
3.15 533.50
3.15 783.97
3.15 533.50
3.16 529.14
3.16 787.32
3.16 529.14
3.16 787.32
3.16 529.14
3.16 787.32
3.16 529.14
3.16 787.32
3.16 529.14
3.16 787.32
3.16 529.14
3.17 524.93
3.17 790.53
3.17 524.93
3.17 790.53
3.17 524.93
3.17 790.53
3.17 524.93
3.17 790.53
3.17 524.93
3.17 790.53
3.17 524.93
3.18 520.85
3.18 793.62
3.18 520.85
3.18 793.62
3.18 520.85
3.18 793.62
3.18 520.85
3.18 793.62
3.18 520.85
3.18 793.62
3.18 520.85
3.19 516.89
3.19 796.59
3.19 516.89
3.19 796.59
3.19 516.89
3.19 796.59
3.19 516.89
3.19 796.59
3.19 516.89
3.19 796.59
3.19 516.89
3.20 513.05
3.20 799.45
3.20 513.05
3.20 799.45
3.20 513.05
3.20 799.45
3.20 513.05
3.20 799.45
3.20 513.05
3.20 799.45
3.20 513.05
3.21 509.31
3.21 802.22
3.21 509.31
3.21 802.22
3.21 509.31
3.21 802.22
3.21 509.31
3.21 802.22
3.21 509.31
3.21 802.22
3.21 509.31
3.22 505.66
3.22 804.90
3.22 505.66
3.22 804.90
3.22 505.66
3.22 804.90
3.22 505.66
3.22 804.90
3.22 505.66
3.22 804.90
3.22 505.66
3.23 502.11
3.23 807.49
3.23 502.11
3.23 807.49
3.23 502.11
3.23 807.49
3.23 502.11
3.23 807.49
3.23 502.11
3.23 807.49
3.23 502.11
3.24 498.65
3.24 809.99
3.24 498.65
3.24 809.99
3.24 498.65
3.24 809.99
3.24 498.65
3.24 809.99
3.24 498.65
3.24 809.99
3.24 498.65
3.25 495.27
3.25 812.43
3.25 495.27
3.25 812.43
3.25 495.27
3.25 812.43
3.25 495.27
3.25 812.43
3.25 495.27
3.25 812.43
3.25 495.27
3.26 491.96
3.26 814.79
3.26 491.96
3.26 814.79
3.26 491.96
3.26 814.79
3.26 491.96
3.26 814.79
3.26 491.96
3.26 814.79
3.26 491.96
3.27 488.73
3.27 817.08
3.27 488.73
3.27 817.08
3.27 488.73
3.27 817.08
3.27 488.73
3.27 817.08
3.27 488.73
3.27 817.08
3.27 488.73
3.28 485.56
3.28 819.32
3.28 485.56
3.28 819.32
3.28 485.56
3.28 819.32
3.28 485.56
3.28 819.32
3.28 485.56
3.28 819.32
3.28 485.56
3.29 821.49
3.29 482.46
3.29 821.49
3.29 482.46
3.29 821.49
3.29 482.46
3.29 821.49
3.29 482.46
3.29 821.49
3.29 482.46
3.29 821.49
3.30 823.60
3.30 479.43
3.30 823.60
3.30 479.43
3.30 823.60
3.30 479.43
3.30 823.60
3.30 479.43
3.30 823.60
3.30 479.43
3.30 823.60
3.31 825.66
3.31 476.45
3.31 825.66
3.31 476.45
3.31 825.66
3.31 476.45
3.31 825.66
3.31 476.45
3.31 825.66
3.31 476.45
3.31 825.66
3.32 827.67
3.32 473.53
3.32 827.67
3.32 473.53
3.32 827.67
3.32 473.53
3.32 827.67
3.32 473.53
3.32 827.67
3.32 473.53
3.32 827.67
3.33 829.63
3.33 470.67
3.33 829.63
3.33 470.67
3.33 829.63
3.33 470.67
3.33 829.63
3.33 470.67
3.33 829.63
3.33 470.67
3.33 829.63
3.34 831.55
3.34 467.85
3.34 831.55
3.34 467.85
3.34 831.55
3.34 467.85
3.34 831.55
3.34 467.85
3.34 831.55
3.34 467.85
3.34 831.55
3.35 833.42
3.35 465.09
3.35 833.42
3.35 465.09
3.35 833.42
3.35 465.09
3.35 833.42
3.35 465.09
3.35 833.42
3.35 465.09
3.35 833.42
3.36 835.24
3.36 462.38
3.36 835.24
3.36 462.38
3.36 835.24
3.36 462.38
3.36 835.24
3.36 462.38
3.36 835.24
3.36 462.38
3.36 835.24
3.37 837.03
3.37 459.71
3.37 837.03
3.37 459.71
3.37 837.03
3.37 459.71
3.37 837.03
3.37 459.71
3.37 837.03
3.37 459.71
3.37 837.03
3.38 838.77
3.38 457.08
3.38 838.77
3.38 457.08
3.38 838.77
3.38 457.08
3.38 838.77
3.38 457.08
3.38 838.77
3.38 457.08
3.38 838.77
3.39 840.48
3.39 454.50
3.39 840.48
3.39 454.50
3.39 840.48
3.39 454.50
3.39 840.48
3.39 454.50
3.39 840.48
3.39 454.50
3.39 840.48
3.40 842.15
3.40 451.96
3.40 842.15
3.40 451.96
3.40 842.15
3.40 451.96
3.40 842.15
3.40 451.96
3.40 842.15
3.40 451.96
3.40 842.15
3.41 843.79
3.41 449.46
3.41 843.79
3.41 449.46
3.41 843.79
3.41 449.46
3.41 843.79
3.41 449.46
3.41 843.79
3.41 449.46
3.41 843.79
3.42 845.39
3.42 447.00
3.42 845.39
3.42 447.00
3.42 845.39
3.42 447.00
3.42 845.39
3.42 447.00
3.42 845.39
3.42 447.00
3.42 845.39
3.43 846.97
3.43 444.58
3.43 846.96
3.43 444.58
3.43 846.97
3.43 444.58
3.43 846.96
3.43 444.58
3.43 846.97
3.43 444.58
3.43 846.96
3.44 848.51
3.44 442.19
3.44 848.50
3.44 442.20
3.44 848.51
3.44 442.19
3.44 848.50
3.44 442.20
3.44 848.51
3.44 442.19
3.44 848.50
3.45 852.44
3.45 433.96
3.45 847.45
3.45 446.00
3.45 852.44
3.45 433.96
3.45 847.45
3.45 446.00
3.45 852.44
3.45 433.96
3.45 847.45
3.46 861.34
3.46 413.24
3.46 838.95
3.46 467.48
3.46 861.34
3.46 413.24
3.46 838.95
3.46 467.48
3.46 861.34
3.46 413.24
3.46 838.95
3.47 865.90
3.47 402.92
3.47 834.79
3.47 478.56
3.47 865.90
3.47 402.92
3.47 834.79
3.47 478.56
3.47 865.90
3.47 402.92
3.47 834.79
3.48 831.68
3.48 487.16
3.48 869.43
3.48 395.07
3.48 831.68
3.48 487.16
3.48 869.43
3.48 395.07
3.48 831.68
3.48 487.16
3.48 869.43
3.49 829.13
3.49 494.44
3.49 872.39
3.49 388.52
3.49 829.13
3.49 494.44
3.49 872.39
3.49 388.52
3.49 829.13
3.49 494.44
3.49 872.39
3.50 826.94
3.50 500.88
3.50 875.00
3.50 382.82
3.50 826.94
3.50 500.88
3.50 875.00
3.50 382.82
3.50 826.94
3.50 500.88
3.50 875.00
3.51 825.02
3.51 506.71
3.51 877.34
3.51 377.72
3.51 825.02
3.51 506.71
3.51 877.34
3.51 377.72
3.51 825.02
3.51 506.71
3.51 877.34
3.52 823.30
3.52 512.07
3.52 879.49
3.52 373.09
3.52 823.30
3.52 512.07
3.52 879.49
3.52 373.09
3.52 823.30
3.52 512.07
3.52 879.49
3.53 821.75
3.53 517.07
3.53 881.47
3.53 368.81
3.53 821.75
3.53 517.07
3.53 881.47
3.53 368.81
3.53 821.75
3.53 517.07
3.53 881.47
3.54 820.33
3.54 521.76
3.54 883.32
3.54 364.84
3.54 820.33
3.54 521.75
3.54 883.32
3.54 364.84
3.54 820.33
3.54 521.76
3.54 883.32
3.55 812.66
3.55 540.47
3.55 881.68
3.55 370.32
3.55 827.80
3.55 506.03
3.55 887.37
3.55 354.80
3.55 812.66
3.55 540.47
3.55 881.68
3.56 808.64
3.56 550.88
3.56 880.78
3.56 373.81
3.56 833.31
3.56 494.49
3.56 889.89
3.56 348.83
3.56 808.64
3.56 550.88
3.56 880.78
3.57 804.93
3.57 560.56
3.57 879.41
3.57 378.60
3.57 839.89
3.57 480.09
3.57 891.08
3.57 346.48
3.57 808.36
3.57 553.04
3.57 882.46
3.58 811.83
3.58 546.88
3.58 887.13
3.58 358.46
3.58 823.28
3.58 520.85
3.58 893.44
3.58 340.82
3.58 804.29
3.58 563.51
3.58 880.56
3.59 828.32
3.59 510.51
3.59 897.10
3.59 331.39
3.59 795.44
3.59 584.15
3.59 872.08
3.59 400.49
3.59 861.95
3.59 427.17
3.59 878.46
3.60 890.13
3.60 352.08
3.60 821.23
3.60 528.52
3.60 897.07
3.60 332.40
3.60 798.88
3.60 578.41
3.60 877.86
3.60 385.99
3.60 853.20
3.61 839.99
3.61 485.20
3.61 901.71
3.61 319.96
3.61 785.48
3.61 608.29
3.61 860.16
3.61 434.22
3.61 886.88
3.61 362.17
3.61 833.92
3.62 904.05
3.62 314.01
3.62 779.77
3.62 621.65
3.62 851.43
3.62 457.93
3.62 898.59
3.62 329.87
3.62 800.22
3.62 578.72
3.62 882.57
3.63 769.60
3.63 643.65
3.63 832.60
3.63 505.95
3.63 907.37
3.63 305.10
3.63 769.61
3.63 643.64
3.63 832.60
3.63 505.94
3.63 907.37
3.64 797.24
3.64 588.39
3.64 881.56
3.64 380.06
3.64 857.63
3.64 444.44
3.64 898.76
3.64 331.20
3.64 806.28
3.64 568.53
3.64 892.90
3.65 753.81
3.65 677.37
3.65 797.67
3.65 589.08
3.65 883.53
3.65 375.59
3.65 856.00
3.65 449.90
3.65 903.34
3.65 318.71
3.65 792.54
3.66 887.25
3.66 366.14
3.66 849.42
3.66 468.14
3.66 911.28
3.66 295.90
3.66 762.53
3.66 662.74
3.66 818.06
3.66 544.74
3.66 907.67
3.67 791.94
3.67 604.71
3.67 877.26
3.67 395.16
3.67 877.16
3.67 395.43
3.67 877.37
3.67 394.86
3.67 876.93
3.67 396.09
3.67 877.87
3.68 712.64
3.68 753.60
3.68 683.32
3.68 796.33
3.68 596.86
3.68 885.48
3.68 373.18
3.68 860.81
3.68 440.91
3.68 907.15
3.68 309.96
3.69 271.97
3.69 730.64
3.69 726.22
3.69 733.67
3.69 721.03
3.69 742.23
3.69 705.98
3.69 765.94
3.69 661.52
3.69 826.23
3.69 529.79
3.70 923.43
3.70 261.60
3.70 714.72
3.70 754.41
3.70 685.52
3.70 797.66
3.70 597.18
3.70 890.06
3.70 362.06
3.70 854.60
3.70 459.77
3.71 826.05
3.71 533.10
3.71 923.44
3.71 262.31
3.71 717.89
3.71 751.36
3.71 693.09
3.71 789.18
3.71 617.25
3.71 876.49
3.71 401.62
3.72 682.72
3.72 805.80
3.72 582.12
3.72 904.91
3.72 320.09
3.72 809.59
3.72 573.45
3.72 909.93
3.72 304.87
3.72 788.36
3.72 620.67
3.73 789.68
3.73 619.49
3.73 879.24
3.73 396.04
3.73 892.18
3.73 358.79
3.73 858.13
3.73 454.11
3.73 924.64
3.73 259.90
3.73 717.47
3.74 227.48
3.74 657.24
3.74 842.54
3.74 496.18
3.74 934.94
3.74 227.48
3.74 657.24
3.74 842.53
3.74 496.19
3.74 934.94
3.74 227.48
3.75 841.14
3.75 501.08
3.75 937.49
3.75 219.74
3.75 642.96
3.75 860.86
3.75 449.18
3.75 927.81
3.75 251.16
3.75 705.29
3.75 779.45
3.76 911.70
3.76 302.69
3.76 793.62
3.76 615.84
3.76 889.54
3.76 369.45
3.76 875.91
3.76 408.67
3.76 908.64
3.76 312.13
3.76 807.29
3.77 377.22
3.77 885.67
3.77 381.76
3.77 889.79
3.77 369.70
3.77 878.50
3.77 402.41
3.77 906.60
3.77 319.24
3.77 819.31
3.77 558.11
3.78 921.73
3.78 272.71
3.78 749.71
3.78 709.29
3.78 779.43
3.78 649.86
3.78 860.11
3.78 454.81
3.78 937.28
3.78 222.21
3.78 653.31
3.79 290.02
3.79 780.40
3.79 649.52
3.79 862.76
3.79 448.74
3.79 937.54
3.79 221.93
3.79 654.44
3.79 857.10
3.79 464.21
3.79 942.64
3.80 264.78
3.80 739.75
3.80 731.58
3.80 746.21
3.80 719.64
3.80 766.68
3.80 679.74
3.80 827.23
3.80 543.09
3.80 942.94
3.80 204.45
3.81 560.59
3.81 938.51
3.81 219.86
3.81 653.49
3.81 862.74
3.81 451.19
3.81 943.42
3.81 203.36
3.81 617.24
3.81 900.13
3.81 342.51
3.82 728.86
3.82 754.93
3.82 706.74
3.82 791.72
3.82 629.91
3.82 890.53
3.82 372.41
3.82 892.81
3.82 365.57
3.82 885.97
3.82 385.93
3.83 957.42
3.83 156.15
3.83 504.67
3.83 957.42
3.83 156.15
3.83 504.67
3.83 957.42
3.83 156.15
3.83 504.67
3.83 957.42
3.83 156.15
3.84 959.45
3.84 149.41
3.84 488.01
3.84 959.45
3.84 149.41
3.84 488.00
3.84 959.45
3.84 149.41
3.84 488.01
3.84 959.45
3.84 149.41
3.85 956.55
3.85 160.03
3.85 517.51
3.85 961.32
3.85 143.16
3.85 472.26
3.85 959.54
3.85 149.48
3.85 489.47
3.85 962.07
3.85 140.48
3.86 505.08
3.86 964.90
3.86 130.73
3.86 438.65
3.86 950.47
3.86 181.71
3.86 573.95
3.86 943.89
3.86 204.43
3.86 627.79
3.86 901.96
3.87 222.79
3.87 670.11
3.87 855.52
3.87 478.37
3.87 965.69
3.87 128.23
3.87 432.62
3.87 949.93
3.87 184.07
3.87 581.24
3.87 941.96
3.88 747.92
3.88 731.52
3.88 762.03
3.88 703.60
3.88 809.17
3.88 599.14
3.88 931.87
3.88 246.35
3.88 720.36
3.88 781.60
3.88 662.33
3.89 949.96
3.89 184.93
3.89 586.34
3.89 943.50
3.89 207.36
3.89 639.37
3.89 896.94
3.89 359.60
3.89 895.82
3.89 363.05
3.89 899.54
3.90 825.63
3.90 561.48
3.90 960.26
3.90 148.83
3.90 494.04
3.90 974.86
3.90 95.58
3.90 337.13
3.90 871.54
3.90 436.63
3.90 959.34
3.91 432.82
3.91 959.85
3.91 150.68
3.91 500.39
3.91 977.50
3.91 86.00
3.91 307.34
3.91 832.37
3.91 545.55
3.91 969.39
3.91 116.04
3.92 448.20
3.92 969.48
3.92 115.98
3.92 401.92
3.92 942.29
3.92 213.18
3.92 657.51
3.92 882.74
3.92 405.75
3.92 945.18
3.92 203.13
3.93 345.68
3.93 888.90
3.93 388.10
3.93 933.29
3.93 244.67
3.93 726.30
3.93 781.25
3.93 671.64
3.93 866.72
3.93 453.98
3.93 974.18
3.94 307.88
3.94 839.57
3.94 530.68
3.94 981.29
3.94 72.33
3.94 264.38
3.94 766.26
3.94 705.68
3.94 818.32
3.94 585.78
3.94 956.01
3.95 975.90
3.95 92.88
3.95 332.81
3.95 877.08
3.95 425.84
3.95 965.77
3.95 130.57
3.95 448.40
3.95 976.98
3.95 88.83
3.95 319.71
3.96 801.39
3.96 630.29
3.96 922.77
3.96 282.20
3.96 802.15
3.96 628.47
3.96 924.65
3.96 275.92
3.96 791.16
3.96 654.30
3.96 895.72
3.97 966.26
3.97 129.43
3.97 447.34
3.97 981.49
3.97 72.12
3.97 265.68
3.97 774.53
3.97 693.30
3.97 844.16
3.97 522.28
3.97 990.53
3.98 626.29
3.98 931.52
3.98 253.89
3.98 753.94
3.98 738.35
3.98 768.90
3.98 707.22
3.98 824.10
3.98 576.94
3.98 971.44
3.98 110.44
3.99 131.65
3.99 456.13
3.99 989.82
3.99 40.20
3.99 153.97
3.99 519.74
3.99 995.94
3.99 16.12
3.99 63.27
3.99 236.47
3.99 720.41
4.00 979.68
4.00 79.64
4.00 293.20
4.00 828.93
4.00 567.21
4.00 981.93
4.00 70.97
4.00 263.75
4.00 776.73
4.00 693.67
4.00 849.96
